0 0.0 0.0 0.0
18 0.03774580549179359 -0.012630257237569964 -0.020699900171968613
6 0.06636238323738153 -0.022205751348148037 -0.0363933075553621
29 0.0965911854703886 -0.03232071758643684 -0.052970863137729265
27 0.12859010376841998 -0.043027988610656695 -0.07051915508037272
46 0.16251921920228773 -0.054381129713079984 -0.08912597226849606
41 0.19856325607107253 -0.06644195214359312 -0.1088926179992599
61 0.22838510398048734 -0.08434112061852239 -0.13822780837766022
39 0.25897301226158437 -0.10259123105966586 -0.16813816231212636
35 0.30778039361967 -0.10508692721496553 -0.1722283926457255
13 0.2800292105398326 -0.12576089448774602 -0.20611123847028445
33 0.23858784114160322 -0.1252743115238681 -0.23001352894284083
48 0.22727862812280497 -0.12532016328159357 -0.2370726014296112
51 0.26175389614899874 -0.14885851539622322 -0.24396624316434892
32 0.32400480074511384 -0.12861179721453106 -0.1860838637770526
11 0.3368474712253745 -0.12960133235732224 -0.18072170094753845
15 0.31190991678769536 -0.15129915322966786 -0.23658160336121806
37 0.35452215783978464 -0.15553207619915635 -0.2422669039716151
57 0.36896355388633734 -0.15708545996028372 -0.24438623543921656
49 0.3281743877173674 -0.17730488107737177 -0.26748958832318537
44 0.3429211100847267 -0.1855135264587498 -0.30775025486595925
22 0.3328566016337474 -0.19230330122004546 -0.34309642933884166
50 0.364724432251269 -0.20642249691979359 -0.33519388174271614
10 0.38221348992436394 -0.22457693560705125 -0.3385202371189515
3 0.3822650736665455 -0.20492406933028642 -0.35416944407599216
54 0.36318765527017893 -0.22149271441251758 -0.35470966275462323
14 0.31071656631072886 -0.17412981603359584 -0.32215773208300896
20 0.37799935071426044 -0.19848734782902047 -0.3000756074172637
17 0.35175858893183654 -0.16995106827096715 -0.3409838167298661
28 0.3561085505144094 -0.1740588613917932 -0.3603464170933971
34 0.3592433353848925 -0.17702953871437532 -0.37437860467670936
23 0.3552175245665947 -0.1538317806198155 -0.3494108968578892
19 0.3405922692224021 -0.21738242149695886 -0.27312392858311424
43 0.36079992033188163 -0.23118370318115866 -0.27604909986498466
7 0.33477622776138616 -0.23915402119082368 -0.2758984816452679
2 0.3313522084780209 -0.25308991678710724 -0.2894068977903189
58 0.33033479599250787 -0.25476088715367806 -0.26617132525038667
36 0.26843025150384864 -0.12490451423249965 -0.25273142471017923
60 0.2545102277027251 -0.12472523443859743 -0.2640060393576465
52 0.2440110099649489 -0.12453619268494108 -0.2723016031904985
42 0.27612759609467663 -0.12493608829223661 -0.27041813176683
45 0.28174860675601676 -0.12490428178654676 -0.28349523941566135
9 0.2425900387052471 -0.0617449126260774 -0.10119457612350526
1 0.25623614971067765 -0.06040327043865442 -0.09899574051598109
26 0.03356973734590487 0.029762859939325897 0.0
24 0.04496601140483396 0.03986677303078344 0.011306103081121998
25 0.04496601140483396 0.03986677303078344 -0.011306103081121998
53 0.03253502772298446 0.004269553737030262 0.030594084055454482
40 0.05218097082598454 0.006847680010875145 0.049068008213731674
12 0.07290798123570041 0.00956767415090626 0.0685585063959462
56 0.09704631071246361 0.026256603271498202 0.07547631254155078
38 0.10252126314215636 0.04309414174971582 0.08240499887895715
47 0.11609867994482576 0.02631962116295365 0.07564380750883778
5 0.07689676145076985 0.013697830563638068 0.09815371944066625
16 0.07933863274857621 0.01617696232225459 0.11591828456367523
30 0.08140724731812066 0.007076187096582724 0.13250597631338076
21 0.08140724731812066 0.029471365476409446 0.12938061987617763
8 0.09537015401973485 -0.006019627298447867 0.08126016297677115
31 0.09903035303144055 -0.01972557348021888 0.09238878358327518
59 0.10176600307901014 -0.029946589118012693 0.10069277055577469
4 0.11337384952083265 -0.007264143797034847 0.08241945239525118
55 0.12680554893290333 -0.008192580938213775 0.08328923679399002
0 0.0 0.0 0.0
18 0.03774580549179359 -0.012630257237569964 -0.020699900171968613
6 0.06636238323738153 -0.022205751348148037 -0.0363933075553621
29 0.0965911854703886 -0.03232071758643684 -0.052970863137729265
27 0.12859010376841998 -0.043027988610656695 -0.07051915508037272
46 0.16251921920228773 -0.054381129713079984 -0.08912597226849606
41 0.19856325607107253 -0.06644195214359312 -0.1088926179992599
61 0.22838510398048734 -0.08434112061852239 -0.13822780837766022
39 0.25897301226158437 -0.10259123105966586 -0.16813816231212636
35 0.30778039361967 -0.10508692721496553 -0.1722283926457255
13 0.2800292105398326 -0.12576089448774602 -0.20611123847028445
33 0.23858784114160322 -0.1252743115238681 -0.23001352894284083
48 0.22727862812280497 -0.12532016328159357 -0.2370726014296112
51 0.26175389614899874 -0.14885851539622322 -0.24396624316434892
32 0.32400480074511384 -0.12861179721453106 -0.1860838637770526
11 0.3368474712253745 -0.12960133235732224 -0.18072170094753845
15 0.31190991678769536 -0.15129915322966786 -0.23658160336121806
37 0.35452215783978464 -0.15553207619915635 -0.2422669039716151
57 0.36896355388633734 -0.15708545996028372 -0.24438623543921656
49 0.3281743877173674 -0.17730488107737177 -0.26748958832318537
44 0.3429211100847267 -0.1855135264587498 -0.30775025486595925
22 0.3328566016337474 -0.19230330122004546 -0.34309642933884166
50 0.364724432251269 -0.20642249691979359 -0.33519388174271614
10 0.38221348992436394 -0.22457693560705125 -0.3385202371189515
3 0.3822650736665455 -0.20492406933028642 -0.35416944407599216
54 0.36318765527017893 -0.22149271441251758 -0.35470966275462323
14 0.31071656631072886 -0.17412981603359584 -0.32215773208300896
20 0.37799935071426044 -0.19848734782902047 -0.3000756074172637
17 0.35175858893183654 -0.16995106827096715 -0.3409838167298661
28 0.3561085505144094 -0.1740588613917932 -0.3603464170933971
34 0.3592433353848925 -0.17702953871437532 -0.37437860467670936
23 0.3552175245665947 -0.1538317806198155 -0.3494108968578892
19 0.3405922692224021 -0.21738242149695886 -0.27312392858311424
43 0.36079992033188163 -0.23118370318115866 -0.27604909986498466
7 0.33477622776138616 -0.23915402119082368 -0.2758984816452679
2 0.3313522084780209 -0.25308991678710724 -0.2894068977903189
58 0.33033479599250787 -0.25476088715367806 -0.26617132525038667
36 0.26843025150384864 -0.12490451423249965 -0.25273142471017923
60 0.2545102277027251 -0.12472523443859743 -0.2640060393576465
52 0.2440110099649489 -0.12453619268494108 -0.2723016031904985
42 0.27612759609467663 -0.12493608829223661 -0.27041813176683
45 0.28174860675601676 -0.12490428178654676 -0.28349523941566135
9 0.2425900387052471 -0.0617449126260774 -0.10119457612350526
1 0.25623614971067765 -0.06040327043865442 -0.09899574051598109
26 0.03356973734590487 0.029762859939325897 0.0
24 0.04496601140483396 0.03986677303078344 0.011306103081121998
25 0.04496601140483396 0.03986677303078344 -0.011306103081121998
53 0.03253502772298446 0.004269553737030262 0.030594084055454482
40 0.05218097082598454 0.006847680010875145 0.049068008213731674
12 0.07290798123570041 0.00956767415090626 0.0685585063959462
56 0.09704631071246361 0.026256603271498202 0.07547631254155078
38 0.10252126314215636 0.04309414174971582 0.08240499887895715
47 0.11609867994482576 0.02631962116295365 0.07564380750883778
5 0.07689676145076985 0.013697830563638068 0.09815371944066625
16 0.07933863274857621 0.01617696232225459 0.11591828456367523
30 0.08140724731812066 0.007076187096582724 0.13250597631338076
21 0.08140724731812066 0.029471365476409446 0.12938061987617763
8 0.09537015401973485 -0.006019627298447867 0.08126016297677115
31 0.09903035303144055 -0.01972557348021888 0.09238878358327518
59 0.10176600307901014 -0.029946589118012693 0.10069277055577469
4 0.11337384952083265 -0.007264143797034847 0.08241945239525118
55 0.12680554893290333 -0.008192580938213775 0.08328923679399002
0 0.0 0.0 0.0
18 0.03774580549179359 -0.012630257237569964 -0.020699900171968613
6 0.06636238323738153 -0.022205751348148037 -0.0363933075553621
29 0.0965911854703886 -0.03232071758643684 -0.052970863137729265
27 0.12859010376841998 -0.043027988610656695 -0.07051915508037272
46 0.16251921920228773 -0.054381129713079984 -0.08912597226849606
41 0.19856325607107253 -0.06644195214359312 -0.1088926179992599
61 0.22838510398048734 -0.08434112061852239 -0.13822780837766022
39 0.25897301226158437 -0.10259123105966586 -0.16813816231212636
35 0.30778039361967 -0.10508692721496553 -0.1722283926457255
13 0.2800292105398326 -0.12576089448774602 -0.20611123847028445
33 0.23858784114160322 -0.1252743115238681 -0.23001352894284083
48 0.22727862812280497 -0.12532016328159357 -0.2370726014296112
51 0.26175389614899874 -0.14885851539622322 -0.24396624316434892
32 0.32400480074511384 -0.12861179721453106 -0.1860838637770526
11 0.3368474712253745 -0.12960133235732224 -0.18072170094753845
15 0.31190991678769536 -0.15129915322966786 -0.23658160336121806
37 0.35452215783978464 -0.15553207619915635 -0.2422669039716151
57 0.36896355388633734 -0.15708545996028372 -0.24438623543921656
49 0.3281743877173674 -0.17730488107737177 -0.26748958832318537
44 0.3429211100847267 -0.1855135264587498 -0.30775025486595925
22 0.3328566016337474 -0.19230330122004546 -0.34309642933884166
50 0.364724432251269 -0.20642249691979359 -0.33519388174271614
10 0.38221348992436394 -0.22457693560705125 -0.3385202371189515
3 0.3822650736665455 -0.20492406933028642 -0.35416944407599216
54 0.36318765527017893 -0.22149271441251758 -0.35470966275462323
14 0.31071656631072886 -0.17412981603359584 -0.32215773208300896
20 0.37799935071426044 -0.19848734782902047 -0.3000756074172637
17 0.35175858893183654 -0.16995106827096715 -0.3409838167298661
28 0.3561085505144094 -0.1740588613917932 -0.3603464170933971
34 0.3592433353848925 -0.17702953871437532 -0.37437860467670936
23 0.3552175245665947 -0.1538317806198155 -0.3494108968578892
19 0.3405922692224021 -0.21738242149695886 -0.27312392858311424
43 0.36079992033188163 -0.23118370318115866 -0.27604909986498466
7 0.33477622776138616 -0.23915402119082368 -0.2758984816452679
2 0.3313522084780209 -0.25308991678710724 -0.2894068977903189
58 0.33033479599250787 -0.25476088715367806 -0.26617132525038667
36 0.26843025150384864 -0.12490451423249965 -0.25273142471017923
60 0.2545102277027251 -0.12472523443859743 -0.2640060393576465
52 0.2440110099649489 -0.12453619268494108 -0.2723016031904985
42 0.27612759609467663 -0.12493608829223661 -0.27041813176683
45 0.28174860675601676 -0.12490428178654676 -0.28349523941566135
9 0.2425900387052471 -0.0617449126260774 -0.10119457612350526
1 0.25623614971067765 -0.06040327043865442 -0.09899574051598109
26 0.03356973734590487 0.029762859939325897 0.0
24 0.04496601140483396 0.03986677303078344 0.011306103081121998
25 0.04496601140483396 0.03986677303078344 -0.011306103081121998
53 0.03253502772298446 0.004269553737030262 0.030594084055454482
40 0.05218097082598454 0.006847680010875145 0.049068008213731674
12 0.07290798123570041 0.00956767415090626 0.0685585063959462
56 0.09704631071246361 0.026256603271498202 0.07547631254155078
38 0.10252126314215636 0.04309414174971582 0.08240499887895715
47 0.11609867994482576 0.02631962116295365 0.07564380750883778
5 0.07689676145076985 0.013697830563638068 0.09815371944066625
16 0.07933863274857621 0.01617696232225459 0.11591828456367523
30 0.08140724731812066 0.007076187096582724 0.13250597631338076
21 0.08140724731812066 0.029471365476409446 0.12938061987617763
8 0.09537015401973485 -0.006019627298447867 0.08126016297677115
31 0.09903035303144055 -0.01972557348021888 0.09238878358327518
59 0.10176600307901014 -0.029946589118012693 0.10069277055577469
4 0.11337384952083265 -0.007264143797034847 0.08241945239525118
55 0.12680554893290333 -0.008192580938213775 0.08328923679399002
