0 0.0 0.0 0.0
27 0.034620189854677595 -0.03482904581948597 4.265327948018999E-18
29 0.045477770656830785 -0.04575212801037901 5.6030197122090615E-18
46 0.056894064973139445 -0.0572372943107518 7.00954692695172E-18
41 0.06894403201455923 -0.0693599561439364 8.494144828067251E-18
1 0.08166752231606891 -0.08216020445439425 1.00617231402366E-17
60 0.09244662664006574 -0.09300433673585771 -0.011306103081121986
9 0.09244662664006574 -0.09300433673585771 0.01130610308112201
35 0.046884057487064264 0.014611814802392875 0.0
22 0.062122352395513426 0.056789051938231784 0.020989411725235933
38 0.060423807652138645 0.062239071013185605 0.0
58 0.09599229288683536 0.02103716072762078 -0.0023056519102361544
14 0.14407921427093273 0.027349537334624592 -0.004557988242689537
23 0.1802175006544843 0.04950829278197055 0.024252601817639025
44 0.18987257002847396 0.06960081192233478 0.05040819558741567
50 0.19691912597343159 0.0698267514024615 0.08032303201830537
3 0.20848500587475632 0.08263116032618038 0.09651380160792729
10 0.20833789282645654 0.057471438824156715 0.09654222368227877
49 0.1868431888581856 0.06992034846638878 0.10118226071475912
17 0.1969029156498797 0.0986724178004279 0.05792739183161056
19 0.21530523923193157 0.11207614846692686 0.06146865836984824
28 0.1895571563709915 0.11918278584487221 0.06321079004307031
34 0.18466665063397666 0.1303309263666808 0.07777234472227329
20 0.1845926031416434 0.13590636782713233 0.0558466923897463
13 0.2150260953361544 0.05105652662576702 0.026024370242714763
51 0.23064246011773223 0.04268497989018351 0.03355904175774306
2 0.23064183292681859 0.0608606498985217 0.020095202435870787
54 0.18108172721723495 0.060827600877253765 -0.016631846550545046
61 0.18698475369088127 0.01514204754735497 -0.029875775176275318
39 0.22027216010200001 0.005834010299632595 -0.04932629171177584
6 0.24831533772361275 -0.024389606403049036 -0.05466947209101059
53 0.25560040794563826 -0.05288380879594251 -0.059618257771052265
18 0.26047605667435086 -0.07491639877877906 -0.04515278692429574
40 0.2616079265042671 -0.07358405436896231 -0.07591001506273778
56 0.25527365600080626 -0.09213559054893097 -0.09049189056006361
4 0.2567994323702257 -0.09877555466901192 -0.11203961611131091
55 0.2578070146241357 -0.10278133027789907 -0.12496140424603996
47 0.25823302185278696 -0.11438547537850112 -0.0932365367801557
8 0.23677980040074464 -0.10227737465812005 -0.09844009900134615
5 0.2258132486160569 -0.10837765739843425 -0.10322774955636521
12 0.2824250394599136 -0.08500231778423048 -0.08494917553537955
31 0.29337001772707 -0.09097617885438489 -0.0896857775081238
59 0.3048910073716191 -0.09726883795609298 -0.09467403214326925
26 0.2788899822704525 -0.027632752102523944 -0.0555351493884837
25 0.29569275070195666 -0.029414177564169686 -0.05603277043935694
24 0.3133933028107996 -0.03129089691826291 -0.056554265893524754
16 0.33214963017021276 -0.033278949453371856 -0.057121683476848185
21 0.3468952657853363 -0.04610251551411109 -0.05917588268615048
30 0.34931569069701124 -0.02383662403696526 -0.05606214933962406
32 0.24896522773863833 0.019448905615989297 -0.07655947437086655
11 0.281598439502081 0.020420431675729222 -0.07875550370847867
36 0.2597874009971252 0.03294293427263903 -0.1034877944794199
7 0.2674940802994985 0.023896630320039254 -0.131548758538712
42 0.269286442923976 0.056030138690567624 -0.1210877170530909
52 0.26739158562921495 0.08427721255885895 -0.11855530254766102
45 0.2556519823908039 0.07594011630244728 -0.13606471654986527
48 0.24970250258926488 0.0848804713382064 -0.1428343419457424
33 0.24338538599107498 0.09429274755281766 -0.14994755496179485
37 0.28761437757582625 0.06836961386143248 -0.1406819017267818
43 0.3053673774545036 0.06334780726219336 -0.15634626427914045
57 0.30534396122800267 0.08451871838176005 -0.1428561553336438
15 0.28767338523726976 0.08093456842708568 -0.16052548293568095
