0 0.0 0.0 0.0
32 0.04615922606840517 0.0 0.0
88 0.07292322402384013 0.03486283876325679 0.02099241351292116
108 0.07292322402384013 0.04069519568364693 0.0
104 0.09409755816963992 -0.008605907056609822 -0.0023909933722941314
102 0.11339421609655828 -0.03982735131800389 -0.032366885560030215
36 0.14163872798538474 -0.009575976980992544 -8.147141498661631E-5
79 0.18811345005664187 -0.010538614485889825 0.002161322658451779
90 0.23494768685630008 0.0018496742779682777 -0.0071724933599055735
43 0.2644416383528023 -0.008459834280738803 -0.03698236355890709
85 0.2744311084089949 0.02017723220876967 -0.0042505421599355175
91 0.2849959259229205 0.051947651522939085 0.022184400453168718
56 0.28182954560163753 0.0615933500873076 0.0024810307480072997
47 0.317554956172623 0.029943055944358102 -0.006038702881422536
74 0.35882735137274213 0.039215888976191535 -0.0077375715665681175
65 0.4028983632369636 0.04905334483012332 -0.009540741011779588
75 0.43838480912298083 0.051611365653376526 -0.04000784335592103
69 0.4594733747008146 0.05316398926810624 -0.05756781890213697
26 0.47945874314119635 0.0666003164858393 -0.07336276325810057
64 0.4859322584422354 0.08267126740038083 -0.09227786919005498
19 0.49703451947202804 0.10291087210113493 -0.09629099778369646
112 0.5038508719508227 0.11504649721774365 -0.09872472658770025
86 0.47541530061385245 0.09552739988704603 -0.10742452737824075
16 0.46930077480216636 0.10324682564012314 -0.11651743832360459
95 0.4987545858161507 0.08426367547026702 -0.11207214383172139
55 0.5073196131956701 0.06900496485451596 -0.07615042061515659
94 0.4757141511221087 0.03601828431337532 -0.07236356170555248
61 0.4840368410333771 0.02753469842806349 -0.07974260476376009
111 0.44391801374547035 0.06211545284735593 0.01060722455313481
96 0.48106956247566895 0.07379035561564766 0.028448303254435384
4 0.5165522646760967 0.06873983740313311 0.05510032588690948
10 0.5550238739110503 0.08132676377990194 0.07015287655820773
89 0.5857081182023938 0.09124452054949267 0.08198059651870165
27 0.6184244960329981 0.10175872481329075 0.09450310568103258
49 0.6510488983243293 0.10250456689029933 0.11465658887997116
77 0.6835841425943568 0.10334876010356092 0.13442557096264768
21 0.7149930478136226 0.0892791427083322 0.152733663217697
8 0.7518683154882752 0.08815515436014686 0.1671119102422042
3 0.7739938084833752 0.0689236473436413 0.1742193420359112
40 0.7841465983546261 0.0989149032770397 0.17038041979954602
15 0.8089862223283114 0.1071072388990057 0.17294484399165863
92 0.8290354877511105 0.11465372681585759 0.16090111040311514
114 0.8417542053632927 0.11936330303910486 0.15352030104815853
103 0.8315315345051495 0.11371264893655486 0.1867400295719174
66 0.8511629878940591 0.11940529814048198 0.1986058790462106
113 0.8721001501463456 0.12544036251162174 0.21117117389307888
45 0.8994421538045051 0.1264438495713741 0.21261296682755923
72 0.9175769187540602 0.12714326437617582 0.2136290819577252
87 0.8823383480485768 0.13418750262362988 0.22990280523957612
82 0.8911808269673167 0.14149218556550858 0.24552229481995047
48 0.900705838709568 0.149224982415289 0.26204419905156
109 0.9089434600647018 0.14551935485600834 0.28078679901265147
52 0.9091290894232539 0.16609469929086912 0.2713926978811681
22 0.7667597095386847 0.0833799734269782 0.19246803481341124
7 0.7246423363961219 0.05876692909653129 0.15660030989831158
107 0.7159581190961956 0.0677920193860454 0.17647458597202564
50 0.7094513965415042 0.1274999806364524 0.15066422321497652
67 0.7226576468663123 0.13935112370524383 0.15869077581368657
110 0.7364497049818696 0.15182313326737795 0.16712580866942606
6 0.758898376944519 0.15701438194753595 0.17106415884991646
76 0.7754176407427683 0.16082880521118353 0.17397386317923783
20 0.7381088553701297 0.1676301479164634 0.17744062483680317
68 0.6437122620610247 0.12781633785693314 0.08944645476207204
23 0.654403498658191 0.13840584212219123 0.08748263942528313
2 0.535476612283756 0.03861572382205862 0.07167870822052223
73 0.5465313022713686 0.021974435513792804 0.08093669274538777
51 0.5701313547439367 0.014348060324078307 0.08564057258250458
71 0.5442444746134824 0.0023509586247190475 0.09146999781035672
39 0.5426985070733066 -0.0163087376138678 0.08865466256315285
101 0.5431670368173727 -0.005584948133807339 0.10864220167566
83 0.5222208530310178 0.06062554404114043 0.09243433912807822
80 0.5252634307866375 0.05708325280681579 0.10910608627469087
106 0.5283017559712324 0.05332849046893791 0.12665498251037904
9 0.5308208148077117 0.03910780301067844 0.13904199606339335
97 0.5312470958555369 0.06123539390664829 0.14401088043406604
62 0.5105229109127799 0.10698461683029709 0.027604000422886157
58 0.5262369911647623 0.12406243176611625 0.027210550025945225
57 0.5427005276233597 0.14204986499700784 0.02678975666994143
35 0.5603476487518229 0.16108722339654158 0.02636064500137491
11 0.5792855805178857 0.1812512920097095 0.025924114620289897
37 0.5877791276577248 0.20742024176767973 0.0252033851752331
53 0.5952303417985411 0.2294716171170806 0.03636603016466634
30 0.5846918208516318 0.24672089958546253 0.045403583040630524
60 0.5791520012094699 0.25620584425152576 0.05034402133680947
33 0.5732928471228904 0.26619746435580766 0.05555104122397696
17 0.5672164623025349 0.2767759251080837 0.06104941609669128
98 0.6069194119352472 0.25042375277137363 0.0326576415823838
70 0.6064673058879075 0.23860597264034827 0.05497360665743649
13 0.5939156168724833 0.22516075850585884 0.008312143838217285
84 0.5975283864498595 0.23494702543649273 -9.073806999187698E-4
42 0.6095980939936856 0.18602146288803031 0.02610886996189854
25 0.6246164400670776 0.18843219879894835 0.026212177270951844
41 0.6403822669889581 0.1909531429148735 0.02631819611148102
81 0.2179335217431474 -0.024876029060235186 0.03813223968749425
99 0.23041292372479988 -0.03074036383656289 0.05280393763536009
31 0.24574499593757626 -0.024427050741100183 0.06589915743050842
46 0.242634646859169 -0.046948111414954696 0.058385552732658066
5 0.25020633237367307 -0.056890421836864685 0.06182466134821807
63 0.25819475721863117 -0.06737344686894384 0.06545181535080966
38 0.2293409566776841 -0.038403711776255046 0.07206570539671808
14 0.2288580964984849 -0.042423481230286574 0.08216108721485418
12 0.22833897593201466 -0.04665952903429567 0.09280070908323859
105 0.2278239476939216 -0.05113130968902907 0.10402898057457305
59 0.2273167285237502 -0.05585300888262521 0.11588096314592099
1 0.2268216172873801 -0.06083986061600792 0.12839427722876892
28 0.2183268432585809 -0.047136733505742524 0.01398999049698068
93 0.23149538013608464 -0.06271403409464456 0.019022498013691803
34 0.23402475969476638 -0.08323707828306087 0.0256568437913652
18 0.23586937950823786 -0.10077786745748757 0.019946801608638483
29 0.23583317649104898 -0.09373530884791176 0.04082214576634258
100 0.23720368267039582 -0.10137589182114352 0.051836012380627315
78 0.25329254829738784 -0.06708388260502893 0.020430475169469605
54 0.2668863255442929 -0.06981553591939266 0.021310156342979766
44 0.1128124691517876 -0.050553273822627844 -0.014045299567212571
24 0.11826804226041515 -0.06249446109620842 -0.017362939351217112
0 0.0 0.0 0.0
32 0.04615922606840517 0.0 0.0
88 0.07292322402384013 0.03486283876325679 0.02099241351292116
108 0.07292322402384013 0.04069519568364693 0.0
104 0.09409755816963992 -0.008605907056609822 -0.0023909933722941314
102 0.11339421609655828 -0.03982735131800389 -0.032366885560030215
36 0.14163872798538474 -0.009575976980992544 -8.147141498661631E-5
79 0.18811345005664187 -0.010538614485889825 0.002161322658451779
90 0.23494768685630008 0.0018496742779682777 -0.0071724933599055735
43 0.2644416383528023 -0.008459834280738803 -0.03698236355890709
85 0.2744311084089949 0.02017723220876967 -0.0042505421599355175
91 0.2849959259229205 0.051947651522939085 0.022184400453168718
56 0.28182954560163753 0.0615933500873076 0.0024810307480072997
47 0.317554956172623 0.029943055944358102 -0.006038702881422536
74 0.35882735137274213 0.039215888976191535 -0.0077375715665681175
65 0.4028983632369636 0.04905334483012332 -0.009540741011779588
75 0.43838480912298083 0.051611365653376526 -0.04000784335592103
69 0.4594733747008146 0.05316398926810624 -0.05756781890213697
26 0.47945874314119635 0.0666003164858393 -0.07336276325810057
64 0.4859322584422354 0.08267126740038083 -0.09227786919005498
19 0.49703451947202804 0.10291087210113493 -0.09629099778369646
112 0.5038508719508227 0.11504649721774365 -0.09872472658770025
86 0.47541530061385245 0.09552739988704603 -0.10742452737824075
16 0.46930077480216636 0.10324682564012314 -0.11651743832360459
95 0.4987545858161507 0.08426367547026702 -0.11207214383172139
55 0.5073196131956701 0.06900496485451596 -0.07615042061515659
94 0.4757141511221087 0.03601828431337532 -0.07236356170555248
61 0.4840368410333771 0.02753469842806349 -0.07974260476376009
111 0.44391801374547035 0.06211545284735593 0.01060722455313481
96 0.48106956247566895 0.07379035561564766 0.028448303254435384
4 0.5165522646760967 0.06873983740313311 0.05510032588690948
10 0.5550238739110503 0.08132676377990194 0.07015287655820773
89 0.5857081182023938 0.09124452054949267 0.08198059651870165
27 0.6184244960329981 0.10175872481329075 0.09450310568103258
49 0.6510488983243293 0.10250456689029933 0.11465658887997116
77 0.6835841425943568 0.10334876010356092 0.13442557096264768
21 0.7149930478136226 0.0892791427083322 0.152733663217697
8 0.7518683154882752 0.08815515436014686 0.1671119102422042
3 0.7739938084833752 0.0689236473436413 0.1742193420359112
40 0.7841465983546261 0.0989149032770397 0.17038041979954602
15 0.8089862223283114 0.1071072388990057 0.17294484399165863
92 0.8290354877511105 0.11465372681585759 0.16090111040311514
114 0.8417542053632927 0.11936330303910486 0.15352030104815853
103 0.8315315345051495 0.11371264893655486 0.1867400295719174
66 0.8511629878940591 0.11940529814048198 0.1986058790462106
113 0.8721001501463456 0.12544036251162174 0.21117117389307888
45 0.8994421538045051 0.1264438495713741 0.21261296682755923
72 0.9175769187540602 0.12714326437617582 0.2136290819577252
87 0.8823383480485768 0.13418750262362988 0.22990280523957612
82 0.8911808269673167 0.14149218556550858 0.24552229481995047
48 0.900705838709568 0.149224982415289 0.26204419905156
109 0.9089434600647018 0.14551935485600834 0.28078679901265147
52 0.9091290894232539 0.16609469929086912 0.2713926978811681
22 0.7667597095386847 0.0833799734269782 0.19246803481341124
7 0.7246423363961219 0.05876692909653129 0.15660030989831158
107 0.7159581190961956 0.0677920193860454 0.17647458597202564
50 0.7094513965415042 0.1274999806364524 0.15066422321497652
67 0.7226576468663123 0.13935112370524383 0.15869077581368657
110 0.7364497049818696 0.15182313326737795 0.16712580866942606
6 0.758898376944519 0.15701438194753595 0.17106415884991646
76 0.7754176407427683 0.16082880521118353 0.17397386317923783
20 0.7381088553701297 0.1676301479164634 0.17744062483680317
68 0.6437122620610247 0.12781633785693314 0.08944645476207204
23 0.654403498658191 0.13840584212219123 0.08748263942528313
2 0.535476612283756 0.03861572382205862 0.07167870822052223
73 0.5465313022713686 0.021974435513792804 0.08093669274538777
51 0.5701313547439367 0.014348060324078307 0.08564057258250458
71 0.5442444746134824 0.0023509586247190475 0.09146999781035672
39 0.5426985070733066 -0.0163087376138678 0.08865466256315285
101 0.5431670368173727 -0.005584948133807339 0.10864220167566
83 0.5222208530310178 0.06062554404114043 0.09243433912807822
80 0.5252634307866375 0.05708325280681579 0.10910608627469087
106 0.5283017559712324 0.05332849046893791 0.12665498251037904
9 0.5308208148077117 0.03910780301067844 0.13904199606339335
97 0.5312470958555369 0.06123539390664829 0.14401088043406604
62 0.5105229109127799 0.10698461683029709 0.027604000422886157
58 0.5262369911647623 0.12406243176611625 0.027210550025945225
57 0.5427005276233597 0.14204986499700784 0.02678975666994143
35 0.5603476487518229 0.16108722339654158 0.02636064500137491
11 0.5792855805178857 0.1812512920097095 0.025924114620289897
37 0.5877791276577248 0.20742024176767973 0.0252033851752331
53 0.5952303417985411 0.2294716171170806 0.03636603016466634
30 0.5846918208516318 0.24672089958546253 0.045403583040630524
60 0.5791520012094699 0.25620584425152576 0.05034402133680947
33 0.5732928471228904 0.26619746435580766 0.05555104122397696
17 0.5672164623025349 0.2767759251080837 0.06104941609669128
98 0.6069194119352472 0.25042375277137363 0.0326576415823838
70 0.6064673058879075 0.23860597264034827 0.05497360665743649
13 0.5939156168724833 0.22516075850585884 0.008312143838217285
84 0.5975283864498595 0.23494702543649273 -9.073806999187698E-4
42 0.6095980939936856 0.18602146288803031 0.02610886996189854
25 0.6246164400670776 0.18843219879894835 0.026212177270951844
41 0.6403822669889581 0.1909531429148735 0.02631819611148102
81 0.2179335217431474 -0.024876029060235186 0.03813223968749425
99 0.23041292372479988 -0.03074036383656289 0.05280393763536009
31 0.24574499593757626 -0.024427050741100183 0.06589915743050842
46 0.242634646859169 -0.046948111414954696 0.058385552732658066
5 0.25020633237367307 -0.056890421836864685 0.06182466134821807
63 0.25819475721863117 -0.06737344686894384 0.06545181535080966
38 0.2293409566776841 -0.038403711776255046 0.07206570539671808
14 0.2288580964984849 -0.042423481230286574 0.08216108721485418
12 0.22833897593201466 -0.04665952903429567 0.09280070908323859
105 0.2278239476939216 -0.05113130968902907 0.10402898057457305
59 0.2273167285237502 -0.05585300888262521 0.11588096314592099
1 0.2268216172873801 -0.06083986061600792 0.12839427722876892
28 0.2183268432585809 -0.047136733505742524 0.01398999049698068
93 0.23149538013608464 -0.06271403409464456 0.019022498013691803
34 0.23402475969476638 -0.08323707828306087 0.0256568437913652
18 0.23586937950823786 -0.10077786745748757 0.019946801608638483
29 0.23583317649104898 -0.09373530884791176 0.04082214576634258
100 0.23720368267039582 -0.10137589182114352 0.051836012380627315
78 0.25329254829738784 -0.06708388260502893 0.020430475169469605
54 0.2668863255442929 -0.06981553591939266 0.021310156342979766
44 0.1128124691517876 -0.050553273822627844 -0.014045299567212571
24 0.11826804226041515 -0.06249446109620842 -0.017362939351217112
