0 0.0 0.0 0.0
36 0.04084521126908188 0.012242829551315287 -0.010155618707460198
88 0.05211562706768827 0.015620992506227836 -0.012957857745254622
87 0.06396529601468841 0.019172779182073742 -0.015904120376694544
82 0.07646713924663391 0.022920046756665324 -0.01901253747283004
24 0.04011745032174321 -0.014790363052047516 0.009653501480856648
102 0.053830520551711655 -0.02576436873594192 0.003885692454190374
108 0.053575804296110856 -0.013629800479320692 0.022272186706739056
44 0.06333308439159288 -0.012783265536184732 0.031428567441137464
104 0.0406120786225818 -0.009638353580323283 -0.013383421109107783
32 0.038027015312914796 0.013134965166903977 0.017400389272236725
18 0.07116765076395376 0.024582118951561448 0.03256487043995858
34 0.10620212375249716 0.036683425839800735 0.048595933170808264
93 0.11564228659830122 0.06169838149065497 0.08173419889300043
28 0.10807448206346185 0.07218679955089938 0.09562860628420235
54 0.1302592529309962 0.06927592065157903 0.09177245399686038
100 0.12354651286206099 0.03116111227763683 0.08708630822554239
50 0.1316621222140887 0.028672478743866643 0.10484339462473372
49 0.13865907125253185 0.015004769734980597 0.11854408925191101
23 0.13478959162220353 0.0037546100914303496 0.12976240381993162
65 0.13164387734077307 -0.005461252965225049 0.1389762529735746
68 0.15285210617215483 0.009058513159708298 0.12467488037299218
94 0.1622961049299405 0.005114422266274188 0.1287643410057327
26 0.17225859550672165 9.568485832407991E-4 0.1330807709403366
62 0.1827843012605067 -0.0034255030976237553 0.13764945979306462
58 0.19390804183166194 -0.008045466020396061 0.14248685602160724
57 0.2056672921399363 -0.012916760382917603 0.14761073597510627
107 0.1383429495955272 0.03925346436578478 0.12132702950518243
78 0.14743303454246007 0.04782461196157392 0.04772897284774945
29 0.17638435796747612 0.0691644776291117 0.04583104002609061
43 0.20484340445566712 0.09008141449047144 0.044022043513687284
90 0.23509294675389392 0.11224135865344535 0.04216807047688825
111 0.2673201261378056 0.13576332925459392 0.040274700479756155
95 0.3017218794984829 0.16077709001424892 0.03834354665785819
55 0.3026628984602757 0.20189677573290163 0.05266619215078887
56 0.303310560824853 0.21432132326885694 0.05697233559397328
85 0.3037758539969587 0.22727507799830887 0.06147433245836685
47 0.34226644836948 0.1811397115207653 0.034864430453289616
97 0.3743343976483066 0.2119179010356674 0.029111139253131968
106 0.40701253177027 0.24302996685251524 0.023412853545409028
4 0.44219386779237346 0.27626596993928343 0.01744746950127954
96 0.45220951400258774 0.3235247876554203 0.008138881695712478
80 0.47116305794394664 0.3098236031703738 0.04246548025854592
83 0.47280612174412806 0.3170620024623135 0.07432443030416616
39 0.46307926838714375 0.3345728078009383 0.06234154587579514
71 0.5008955185412666 0.33177571535317846 0.04994080684571947
1 0.5266057219771578 0.3507391474149381 0.05636698452220112
63 0.539913317262872 0.3634651786895374 0.08166890772467189
105 0.5321355911966831 0.3798441897683908 0.06722291257805776
91 0.5350095615173175 0.3934157689533943 0.07223717488067682
5 0.5580030458835226 0.36394239012588314 0.05221461212808885
99 0.5785697763295465 0.36449948280462935 0.03685328203176851
46 0.593113355829205 0.3650281071377107 0.02617172960856204
59 0.6085228414039585 0.36563256167878255 0.014913847326959929
14 0.6249681609516795 0.3663911691335044 0.003051829797071356
67 0.6425339232282765 0.36732605596255175 -0.009450850335527367
20 0.650804507012123 0.36644280170584076 -0.028720167546296103
45 0.6579599991852142 0.3768944637657064 -0.04344592739399005
7 0.6556935656569368 0.3542549863321488 -0.041040387440657654
76 0.6593000047391603 0.3457452682704519 -0.04973902322352228
77 0.6631543863593836 0.336801918711875 -0.05891302104920239
21 0.6670485613700333 0.37063887374626725 -0.009078161249253262
6 0.6816500430004871 0.3727094328945624 -0.008862850602301997
110 0.6970456538949797 0.37489340505762436 -0.008635884810645013
22 0.7133954087737848 0.3772607485413496 -0.008398143009885579
31 0.5794718283729837 0.3806011331446864 0.06118910042811543
30 0.5851497096965861 0.3978035924534026 0.07156722866247767
12 0.6014917317377654 0.38483873276885705 0.06225274435202195
73 0.4756890813595399 0.2951543318271163 -0.014291031984022588
81 0.5064954210950623 0.2944870581115301 -0.0341279769078243
92 0.5297646423195597 0.3070234664849701 -0.051051904536609606
3 0.551607505460433 0.3188038999995464 -0.06674535530042683
8 0.5678454150133233 0.3105901628688743 -0.08812259537671957
103 0.5736512433006005 0.30795809609570746 -0.0954298332573677
40 0.5796251355652968 0.3051032497626959 -0.10311029420698413
66 0.5859817269795183 0.30212530659740666 -0.11121682751727192
48 0.592749064614926 0.2990207495298007 -0.11977458723198099
113 0.5999576622963019 0.29578616660193635 -0.1288104825473852
52 0.6076407645482349 0.2924182812560144 -0.1383533446130521
72 0.6158346441482969 0.28891398580109834 -0.1484341153177347
109 0.6245789382200241 0.2852703782426696 -0.15908606159929548
114 0.5739137155349207 0.3385797834733002 -0.07806757124581694
64 0.5966207140891676 0.358578476893349 -0.08942722550520443
112 0.6143489356939313 0.3633232470580118 -0.11458091521378339
16 0.6186385220464949 0.38481818463756395 -0.08965814404520468
11 0.626283837907612 0.4135372790030977 -0.08938852234408644
84 0.6323800291461021 0.4358839634379649 -0.07698099474439879
13 0.6380732667975049 0.45580014395494095 -0.0660845355310887
53 0.644332990167495 0.476980066476171 -0.0546241648043026
37 0.6678860322061707 0.49378696877904965 -0.04718765032036709
25 0.6813944488753647 0.503434185492987 -0.04304148613680693
33 0.636972691988513 0.4967593891122939 -0.0429760706458115
17 0.6307669091076322 0.5048153531606215 -0.024241889690002745
60 0.625904407792211 0.5116124227511304 -0.00887419135516402
42 0.6204851509027808 0.5064720925724066 0.008624069782867961
70 0.6234260075450887 0.5288507227579119 -5.447304676632157E-4
98 0.6218185031862985 0.5415193545306337 0.00549837695750258
41 0.6334245206518911 0.5186302624750224 -0.046549272635596314
35 0.6322908732605254 0.43421087639776323 -0.1054254674810617
15 0.6501217104778384 0.39337483768823733 -0.09064748683066463
38 0.524911761732652 0.274923593182104 -0.0426043282687162
2 0.4750303599397201 0.310976153574893 -0.04474879225466486
10 0.4750833084143806 0.31677642049132776 -0.055580373748600836
27 0.474957193128031 0.322772272602743 -0.06698247544243353
89 0.47490688623224536 0.3291486441071065 -0.0790130637498185
101 0.48443453114424334 0.3286152720086058 -0.02587032500983918
9 0.48883729512067137 0.3477834813300334 -0.02044741952969771
51 0.4884398807177631 0.33975638995464874 -0.04167468681507659
74 0.38427766825071974 0.1698182768180154 0.03827017008015737
86 0.3006718294433886 0.20397035821254844 0.03427727542624846
19 0.3007494639793572 0.21572593374306376 0.03323418112493963
61 0.30060090878512236 0.22796280918020423 0.03210824524665805
69 0.30049138283164123 0.2408973633795835 0.030926426146028967
75 0.3004282099135275 0.25457356409126475 0.029686053193627073
79 0.17886734811686708 0.03075658355679001 0.04974608460785149
