0 0.0 0.0 0.0
140 0.04429734595954589 0.07087772649935757 0.019934024135839043
139 0.05138486315657449 0.08221806968626659 0.023123441826862063
123 0.0858144519598972 -0.004335260119715355 -5.980347335600332E-4
106 0.1750030027615717 -0.008840976331786352 -0.0012195833188753526
104 0.24486508194408424 0.05447907924627947 0.0075152080248840555
190 0.26876222660812 -0.027351079585086847 -0.003772990579702663
259 0.3097552734772517 -0.11669822873743627 -0.016098133030712492
181 0.26693251980933014 -0.12128815343961334 -0.030752144130624437
224 0.3045199103201809 -0.1107030606899534 -0.043038362034901946
38 0.2986810031447026 -0.13075204376153315 -0.052454027760928494
133 0.29456260424008424 -0.14228593201446568 -0.05789090789913506
130 0.31916569963077385 -0.129957520889759 -0.03814935761694398
215 0.319141987135423 -0.11921857740224405 -0.06088331487517458
145 0.3052467704456952 0.060013021063263186 0.02229944315014614
116 0.37040143625137706 -0.039489583140213086 -0.00344499375164171
180 0.3908829524475005 0.017695949355370846 -0.08021556643952749
191 0.4329457617617955 -0.11963372542831593 -4.5630358296837184E-4
275 0.4421906559049238 -0.1447797034127796 -0.022171764839688333
265 0.4338569469058877 -0.15744359821101386 -0.0335180332589468
272 0.45802219238502656 -0.15492776103776928 -0.030760425429508846
270 0.43176065743494063 -0.15320919804711447 8.033429303757535E-4
168 0.43098499110703 -0.16535140842612286 0.0012628063228665642
276 0.4300149498097846 -0.17809834455073073 0.0017469141845016995
280 0.42906724315910405 -0.19156585188347738 0.002257515335477197
136 0.46275809922270467 -0.1380270155039464 0.012829522021094657
210 0.4774709946268453 -0.1615601468357315 0.018968893792781945
211 0.48975593464255796 -0.1507442431091496 0.01142326563268125
252 0.4889136278633138 -0.14032484780729335 0.025711432438845088
246 0.47662868784760115 -0.15114075153387527 0.03325706059894579
117 0.4312974495067483 -0.09884697115308799 -0.05863351353998077
162 0.4405846865569706 -0.11044735713623696 -0.09959353319526484
173 0.4305903366975669 -0.13024695029546335 -0.0879085430119178
256 0.40544756525902365 -0.11197412478443257 -0.0892943019041306
166 0.4278507919612176 -0.13752530569787613 -0.041471274518845275
258 0.42673813057677257 -0.14978378616920113 -0.0360272497750839
155 0.4515809165523847 -0.0731895614257426 -0.08755136137859444
13 0.4694511606215623 -0.12352080504829609 -0.07316153202803258
126 0.4977782802930868 -0.1380858392056167 -0.07025217287731295
4 0.5111844799278309 -0.14493452832422032 -0.06892101851622921
59 0.48561756575400067 -0.14901016050938867 -0.07841164070882563
95 0.49334448601122893 -0.1609607104186935 -0.08089110925465016
9 0.485510733130407 -0.13843841124885586 -0.09448554361772811
125 0.4940840120836732 -0.1369837168143681 -0.11212184849696748
135 0.4942927254062476 -0.1557816276667233 -0.0994841576021344
53 0.4990595377943773 -0.1275954203445647 -0.084978826389077
10 0.4737966627229097 -0.09924902873671933 -0.039364276942085996
193 0.3719263841103137 -0.13651001229541976 -0.015615813667286843
206 0.3742563162651185 -0.1533862659385303 -0.017724446858684413
169 0.37498699176090544 -0.17054684513755022 -0.019875291213228362
118 0.3757201281713956 -0.18408662864451025 -0.03202471585852112
257 0.3757008797020004 -0.18621678660652827 -0.010651951183644773
176 0.3763123967750885 -0.19732071490110895 -0.00415076815924605
182 0.3769870194652397 -0.20904210618954625 0.0027024000570951235
185 0.38758625098282024 -0.003087131560803612 0.08569514673761304
108 0.4728879295221518 -0.022887021597303703 0.013044179229081694
120 0.5655140674516335 -0.008768494377676772 0.027385106086316467
30 0.6060020303659088 0.015104624003006877 0.10654081289269024
45 0.6187350809804923 0.04016613058689743 0.12031366453514146
47 0.6213151415756694 0.010147055351520343 0.1344198508540287
23 0.6192015135673837 0.0050841592431715415 0.16152999937008639
8 0.6182957834307493 0.018280677082193362 0.18341718654898106
62 0.6177734738551475 -0.011111504652626825 0.1811799405722867
100 0.6001601893532733 -0.021590147631956682 0.1932999293848443
207 0.5900397244079156 -0.02775298899197169 0.20049117914699985
208 0.6251323232845354 -0.013169654079849822 0.20393794724630343
214 0.6243606136997712 -0.032497800488682206 0.18765169026462328
91 0.6511285934986405 0.008010793832624857 0.1475184086227913
85 0.6692429027160922 -0.0027909047789803024 0.025979357589702306
68 0.7182927672200726 0.06699875785836401 -0.00284228982134176
87 0.7289979933822552 0.07826032346549172 -0.0073898674247309185
86 0.7743266456279989 -0.001621702974397515 0.02599977147084844
42 0.8318786444472789 0.06438509991655743 -0.011183869305576452
235 0.8329489226459983 0.051751208365393334 -0.026846929491678592
73 0.8451480802135579 0.05971386938213744 -0.034622542491816254
89 0.8548304373585159 0.06791117753906145 -0.04271769608938248
102 0.8880283426176077 -0.00389506982844495 0.028773491198311525
7 1.0039752127056438 0.010831704598930597 4.63017035275029E-4
234 1.0687070743368616 0.001248517222635465 -0.010340314494674756
1 1.0533972866507368 0.03897807179759884 -0.015156249982804008
174 1.067226846996484 0.07231759738658063 -0.03378053464846062
223 1.067666328898674 0.02079286100006689 -0.048240729560337266
128 1.0735675431872878 0.01455110630660027 -0.05967608517541695
238 1.0252612204707445 0.07156204723441142 -0.018309986094219396
172 1.095350186684263 0.04708165645835724 -0.04131000764549522
132 1.128321183424397 0.04806553184707428 -0.043069153863890625
141 1.104206311787722 0.05309063841835857 -0.0617119293003556
119 1.1104078968177382 0.06714209783112751 -0.07268928442560485
281 1.1098914547509706 0.04634820284803292 -0.07811901894135974
237 1.1141502118068305 0.04160345889952643 -0.0897077862712434
230 1.1187284821279166 0.03660489805708488 -0.10193172198982751
156 1.0912489792077327 0.03677857934237022 0.013908371674248667
88 1.0926668871169836 0.0672975282187733 -0.0075612489799374
122 1.1148531075139114 0.08256173749124293 -0.00349367329465748
103 1.1346903615695376 0.09319494893251612 0.011168261020049995
148 1.1352569374302834 0.10391904475782424 0.02680196331449731
222 1.1624693778589155 0.09722682110468628 0.015781518051423887
197 1.1326363332870584 0.09866809258322362 -0.014039782298211163
227 1.1439176369864343 0.10851153780596288 -0.020464665073578456
192 1.0705887721671938 0.02027677116857296 0.004865915814439444
213 1.0933905022934964 0.01854379290412295 0.016529553728212607
243 1.0933928493068252 0.02839087457826472 -0.0038260794980487563
35 1.057239562864203 0.013368200156212765 -0.028426100298788635
115 1.0064809583658243 -0.015434450046411186 0.056619903897404567
112 1.028792020735308 -0.017214535173413658 0.061007798952944774
51 1.0076836416823545 0.017925085829556323 0.04344305049482476
107 0.9971584035288676 -0.045445042005384545 0.014707745711744614
109 1.1112116784701311 -0.02375408292051894 0.024540380181556465
111 1.0934818149358632 -0.09419626907752236 -0.002090855800816919
221 1.1691492880350027 -0.15138575323123524 0.04330381335090884
63 1.199038956229487 -0.1400175578539084 -0.03235988210155852
65 1.3394311582400802 -0.13480061977102945 -0.024298220408977694
49 1.3667507764640887 -0.13463688203770705 -0.023196358629212176
61 1.3053968810105019 -0.1963631833599228 -0.06998726215483267
46 1.4274268138386803 -0.256832888050413 -0.10985275540489711
129 1.5728763944346724 -0.3214010885685449 -0.15113830652211668
6 1.629344202552107 -0.411664074955047 -0.21295369714708334
98 1.6833781777262034 -0.432578850572403 -0.2261296317721727
58 1.6306133750148495 -0.43497523968869267 -0.2289596954916733
101 1.6259927579033358 -0.4450166318476536 -0.2509278707579812
134 1.6227465674513049 -0.4541264412568728 -0.2704846466107179
142 1.6199987565572778 -0.46391874628950786 -0.2912138668787709
121 1.61802014003103 -0.47450377556778217 -0.3132297646724045
138 1.6174283250551336 -0.46773484016280725 -0.33782895938067264
137 1.637509192835084 -0.4974570783617255 -0.33158695761071716
113 1.6521957582571212 -0.5139308324261204 -0.34472392664699175
146 1.6645217919037858 -0.5206151109721566 -0.36451689696690726
92 1.6652274241994773 -0.5352623893017915 -0.34725135211596886
105 1.5856293719008867 -0.47755003036481825 -0.3253447226721977
54 1.6276353255494127 -0.459352401528127 -0.22612433534061718
209 1.631052874140006 -0.3540932541953508 -0.2511053272283428
131 1.7372048021484066 -0.37402114051693125 -0.28656708128100233
212 1.7645799097935742 -0.3792113399112989 -0.2953989059558683
217 1.6521455087181647 -0.37290218831503874 -0.3080968687320985
170 1.6729487304563764 -0.39207655627996085 -0.3666613527946665
245 1.775484815172619 -0.41554230029929423 -0.41595249504410686
189 1.6739852379136704 -0.41051040813274786 -0.4264294319131065
242 1.6002271398679484 -0.4153007594770902 -0.4594332386397559
241 1.5579446059609598 -0.3836864488175833 -0.4153787959189331
295 1.656866562855662 -0.35009991741029145 -0.445803656137577
79 1.7842971247876194 -0.4036988065105441 -0.4589070005110387
294 1.764131586372365 -0.47041127314102826 -0.43658045248148886
83 1.6094916849467649 -0.3827661444037043 -0.46407355444651904
151 1.574878775162405 -0.36468930183575543 -0.46861670338477507
202 1.6029597225381094 -0.3654842339602721 -0.48266712879521617
200 1.6046731387238244 -0.3822535602822493 -0.48979345262955915
64 1.60170595198039 -0.3818732238341277 -0.5028622456987523
187 1.5771324560983317 -0.381473922292932 -0.4760133510608737
278 1.5600193340662187 -0.38069313431296375 -0.4820041632494624
80 1.624238036298339 -0.4580429558917581 -0.40967854257430836
24 1.7119552612463043 -0.4448462192777978 -0.48943770147448984
14 1.7976486213632106 -0.4726093903092326 -0.5337612024073621
22 1.8575538874889317 -0.4803192150573105 -0.56916065260134
81 1.9315075345632386 -0.49338784357699905 -0.5816110107175296
67 1.8971334980545171 -0.4837501947213495 -0.6088011734041304
57 1.9379179849477635 -0.4876633043317412 -0.6481210467221837
239 2.000306734728735 -0.5100841358269221 -0.6861071330178596
171 2.052138587688031 -0.5284603764515309 -0.7170268610570015
253 2.111238950874635 -0.5566412656551062 -0.7372194404911131
94 2.1100319978639352 -0.5325439015630028 -0.7479986112021972
78 2.079887387996361 -0.5471829444169577 -0.7513680055514492
159 2.025009411858492 -0.5231023879859489 -0.7379721762850368
186 2.09827750156056 -0.5403868073088646 -0.7069855342093194
20 1.92826068870272 -0.4841060259001297 -0.6824257715953145
60 1.94960643295535 -0.46252556514289445 -0.6736799087624736
32 1.958351695767849 -0.44858995644320426 -0.6890462346273296
56 1.9946800133142966 -0.44250732857156416 -0.7056233205349167
204 1.9411734722554097 -0.4318199063508417 -0.6991507393720053
149 1.927804430303348 -0.4181125322413576 -0.7078399713903727
27 1.8943574368320286 -0.4070854814183618 -0.7077727596596513
198 1.939557844984503 -0.4061636879636065 -0.7229295903668371
18 1.8451761651049798 -0.510743688856195 -0.5477650045820501
99 1.8643175877187053 -0.5254791545843618 -0.5534075766096713
5 1.6883074022825428 -0.4638982834611585 -0.528645645283757
296 1.6345703014584783 -0.4667906197525208 -0.5396003263324769
34 1.6690397268604782 -0.45511537281181536 -0.5615066222896749
75 1.6436845686651183 -0.450217341041134 -0.5675286336920697
82 1.6838855790238445 -0.45423752548764046 -0.5817931320116335
70 1.6941537547249548 -0.45356223666163614 -0.5960358306003939
93 1.7051132954148982 -0.45288646959640266 -0.6110978400493876
110 1.702306419269578 -0.5038086461738343 -0.5226128868904667
144 1.7083407674104205 -0.5175021179007635 -0.5210262402325884
143 1.713822125488224 -0.5316781783223015 -0.5190831706926351
26 1.6948827328498965 -0.49517455193456755 -0.5576524585194141
33 1.7130345178867903 -0.5213374617550832 -0.5652303050874665
28 1.7142170711758435 -0.504835000607443 -0.5842222074821758
36 1.6710237830290569 -0.505091900393018 -0.5661746755867341
90 1.6190619190964362 -0.4383831333227887 -0.5153416393904412
71 1.7417872654427609 -0.4588739279293677 -0.5639446880768549
43 1.7557411676171792 -0.38709593416514504 -0.15422595685316867
289 1.7813836449612428 -0.46731241041016525 -0.20368254087495608
291 1.7995061292257637 -0.4510530067731854 -0.22443161250642957
293 1.8200564432969868 -0.4296464726856788 -0.2369425183620602
286 1.8405551501383652 -0.4056755498642302 -0.23970579229784222
292 1.8585290392302116 -0.3820323787227386 -0.23238803971383137
287 1.8718095244306963 -0.3615695557707492 -0.21587216228823072
284 1.8787942882883544 -0.34675596206397813 -0.19215083410077333
285 1.8786406048895976 -0.3393788877019164 -0.16408608146698028
288 1.8713670164479148 -0.34032839165550044 -0.13506397366348558
220 1.8578510961482415 -0.3494899143486233 -0.10858608680816483
271 1.839723567163853 -0.3657580995031393 -0.08784703160580085
44 1.819171552600955 -0.38717015761375373 -0.07534901709288387
76 1.7986746946638614 -0.4111426804792999 -0.07259995404679803
290 1.7807059807982106 -0.434783334637316 -0.07993152249484822
188 1.6808304548928734 -0.4537496258685494 -0.14606717621971388
229 1.6765643649681397 -0.46585693940973705 -0.14544479103626234
48 1.879305361340146 -0.47468645727493974 -0.14737097304533436
29 1.9339535005849364 -0.4961348886836109 -0.13458786207355777
25 1.9362875231500927 -0.5019647820586618 -0.16049313319595535
31 1.8999424276075945 -0.5078725056324135 -0.14317063134866187
37 1.8528445542771341 -0.49348562187196193 -0.1551637541858394
69 1.9317636156470812 -0.46747563859783 -0.14014322782788757
21 1.9528541288138868 -0.4639365495824587 -0.13688259725790344
55 1.9746964375961842 -0.46011032324299633 -0.13341650639824462
50 1.7674333727443048 -0.45523982725741363 -0.09645915384683813
72 1.9182788950693495 -0.4440365802211423 -0.19976369431814883
15 1.9975924325745416 -0.4606895605175508 -0.2291563787472277
240 2.0864819463929276 -0.47417018861474886 -0.22955566237698075
11 2.05331829446577 -0.47477047652635934 -0.2660510790874035
161 2.060916350141213 -0.4834288406268755 -0.30623193782775116
19 1.9914057182722018 -0.45700507963773407 -0.28721372907000914
225 2.1157928400012853 -0.5097653409275373 -0.2918629569513592
228 2.147849092066501 -0.5160282420779561 -0.3164249605422551
201 2.119724844581088 -0.5302701522220884 -0.30811515091734765
282 2.1221945703862 -0.5410150762554136 -0.3166088689062131
244 2.1246594283232567 -0.5523084022686988 -0.32554336879013657
165 2.164762288696176 -0.5333216555767966 -0.294877895166223
226 2.1944802317310463 -0.5488373637750742 -0.30705001316942926
152 2.2175582471693533 -0.5607920880258846 -0.3164090189541918
164 2.1920016150536896 -0.5449636190193098 -0.2859192988776032
163 2.2121133099627395 -0.553497462440203 -0.27946365479512225
267 2.2335117486729725 -0.5625429952542532 -0.27268311518390076
154 2.127827661723758 -0.4956429632387455 -0.25134537462727247
177 2.1020061921993727 -0.4638470022790821 -0.2984751455499202
236 2.1334862259483125 -0.4579502681025084 -0.3180666485563268
232 2.1667501495351074 -0.4517445429581328 -0.3387387257071081
160 2.1809819032389526 -0.4333537057015979 -0.3553365628047196
283 2.1839847375038763 -0.44838013004912697 -0.3654328090577589
248 2.1935060233114148 -0.4469792666032563 -0.37860082927628713
175 2.203305920341368 -0.4454534863156515 -0.3924436619351538
178 2.214806756133359 -0.4440125278571865 -0.35090579676132727
179 2.2169776157514867 -0.4591656035808459 -0.3611333576632102
12 1.9810573770286393 -0.4862278879970029 -0.1969328055497857
194 1.7635399882112746 -0.477968338885297 -0.16338600710800352
147 1.7608617909137143 -0.49742064113438095 -0.1851380999768708
84 1.7313062244583466 -0.49395945508108924 -0.16415437991398216
96 1.7961697885273458 -0.5111005340612129 -0.15992198766413224
250 1.8255018011708706 -0.5274298635834587 -0.1462141569407596
249 1.82881225827976 -0.5335931144690947 -0.17109274045802378
279 1.787518300720843 -0.5322123346194826 -0.15525190148779094
274 1.922755645403318 -0.42186038270193393 -0.12539301309716497
262 1.9607230796386845 -0.4374142576024614 -0.08851210554449766
167 2.016861708214349 -0.4265090084461062 -0.12242972554605563
3 2.0957042463456745 -0.4301146217229994 -0.11978266085612417
124 2.176098340186435 -0.44182095740308314 -0.10649163185608727
266 2.25853818839664 -0.44062746834339156 -0.1023581925874771
264 2.260613297222643 -0.4683223417513611 -0.10171206077439177
263 2.23530895166471 -0.449986336948845 -0.0800324900943435
261 2.179323026329047 -0.45438431635283877 -0.0710108013082882
150 2.2168503790670786 -0.4826877240245217 -0.10305970301517317
247 2.2465453217607028 -0.46127354379820207 -0.13247424349209844
153 2.18588347502977 -0.4161952716143249 -0.0806058319006406
196 2.1914481246349506 -0.4074684718725294 -0.07146693656456363
254 2.226958502661058 -0.42003251827513843 -0.11819646727040471
66 2.1564824591552294 -0.41768783352941014 -0.1397585680236924
268 1.9678656915902741 -0.46299642851556905 -0.10718907405422236
269 1.9979604302401508 -0.4732311998971358 -0.09119166435920514
277 1.9988011439887523 -0.4865070126957287 -0.11225939424080182
273 2.017595991936346 -0.5007973945180645 -0.11534122845159521
157 1.9584178146961644 -0.48037061662503855 -0.09642134523278137
233 1.9529813917416716 -0.4903943199142893 -0.09021165909210647
231 1.947239603042479 -0.5009595003467485 -0.08366445165416896
195 1.8047575557285638 -0.30891497516443667 -0.1630849419586827
199 1.8195135125045383 -0.29890651979508004 -0.16505969873460896
158 1.8281505698191478 -0.2871704528231449 -0.1665163353696996
16 1.7604582375599112 -0.4700440410512473 -0.12018875588799718
40 1.4162694089256833 -0.32325612472775545 -0.18106774563158384
39 1.4225985090023923 -0.33412878583061073 -0.19180688864720122
17 1.4159150461057495 -0.33589804372966836 -0.1667268868833007
74 1.4222483147075458 -0.34746349511846975 -0.17463637740448137
52 1.422051238201429 -0.3580257109551565 -0.1821655693020366
77 1.422090902543733 -0.36922161152945177 -0.19013376938310153
2 0.7179847037268634 0.07248901837890798 0.017083915821986182
97 0.6049413984400664 0.051748242530436736 0.08389374466606869
255 0.6177962460315642 0.05724204311306391 0.10872103179705514
219 0.6125719665263772 0.06157723520679154 0.12928141501720122
203 0.6084493136041199 0.06519216434729108 0.1463704570767792
251 0.5921237702680561 0.0675126053689522 0.15782646067566997
218 0.6180917123604367 0.06901351894008766 0.16387274300825588
183 0.6401365676327568 0.05993895652932109 0.12037707394678476
205 0.6167713201961496 0.07704520381154001 0.08487973919258229
216 0.6234025817137555 0.09345283403334521 0.08537239947461775
184 0.6304506507565015 0.11076028980056576 0.08589956972146894
41 0.6240236320272805 0.12862299017775372 0.0861566824583964
260 0.6491835421574832 0.12222249339660791 0.08658698329186891
114 0.04429734595954589 0.07362755891625056 0.0
127 0.051384863156574506 0.08540787167969977 0.0
