0 0.0 0.0 0.0
76 0.06123358429313799 0.0 0.0
2 0.12561643715142062 -0.007171351103482972 -0.001576995417427847
1 0.18468966696135836 -0.013722746171097526 -0.00301766117905396
10 0.24758430355217562 -0.020676512849115456 -0.004546809316811545
43 0.26071436974606116 -0.07909391909960067 0.022122129372041444
27 0.2639430824697952 -0.09065315112394462 0.027362888587925235
44 0.2668247001577948 -0.10268126839728109 0.03284375500944963
28 0.2964884120694424 -0.03705388161989753 -0.046969450218193154
33 0.3163976039866498 -0.04353120572590996 -0.06359816043015036
37 0.32873821811463255 -0.042900422856660875 -0.08794440752910351
36 0.34133146346699383 -0.03944079022919243 -0.07573267062842004
35 0.34057854746569977 -0.05617122212003116 -0.07018534605130931
34 0.3279853021133385 -0.0596308547474996 -0.08239708295199279
11 0.293875725510619 -0.06764002491438692 -0.014874185880103861
22 0.3127087584865979 -0.08604335555578549 -0.0189211175765313
30 0.3407133079340691 -0.08822632373786551 -0.019401156940084274
29 0.35494773968993126 -0.08936996689174226 -0.01965264651113044
15 0.32112720142353496 -0.11123377272508268 -0.02446054408986767
20 0.3291642443451552 -0.1346719721534261 -0.02961465418124312
21 0.3355875016341388 -0.14940506415639043 -0.05068324131557165
18 0.31821954619427595 -0.15778372547790134 -0.03469697807746393
19 0.34660428152396205 -0.15479896602825202 -0.023627275103683273
16 0.3569997082535993 -0.17006004451300788 -0.030945599355509442
17 0.35688793177340983 -0.16312941060889397 -0.009368672740992665
13 0.2593769220704579 -0.07924603833760957 -0.03148711557991679
12 0.2632684652323551 -0.036889492627085456 -0.066104072143191
9 0.2695167967146219 0.0162613769261637 -0.05412126033244958
31 0.273356790357294 0.03967245338998655 -0.00467705735948855
14 0.2718599757018617 0.015489893189134896 0.04452121191405179
32 0.26616785919552 -0.037844108259097536 0.055953777513472254
26 0.3124950433831514 -0.010241858231289303 0.010722591931637625
42 0.35892306552117387 0.0024970109876450135 0.004505737614330043
71 0.35190668728291 0.013112965109769274 0.02483263220912766
25 0.34915019437396144 -0.010941158422833474 0.04142155129115378
53 0.38914152548386277 -0.01104071367641331 0.04077212395130988
50 0.4051265823736216 -0.02228240781989286 0.040119885784522906
52 0.41669344601057995 -0.030441020479552362 0.039642731315379716
48 0.4054246429726857 -2.6921987977671785E-4 0.040964759376730976
54 0.36479111823229615 -0.01167688074350677 0.0762168952990959
38 0.3476380106231458 -0.012269063284247919 0.10672970126898157
51 0.3413393674881106 -0.01250610935866077 0.11851950117633601
55 0.3561508035820739 -0.03263094842622717 0.10272674820837344
57 0.38914940013492355 -0.007269709257984501 0.10308003455404885
47 0.4221978441726707 -0.006228984045197488 0.11056263148712417
46 0.438006218899825 -0.003131013697404052 0.12871687945697327
45 0.44741471746011174 -0.001311955733286397 0.1394175172592426
72 0.4428010000439063 0.005595583789938588 0.1064003201975539
73 0.442800225009736 -0.019147718142642788 0.11089928009393556
63 0.39225200374131314 -0.002053511916319554 0.13405131277314042
61 0.3942006586011034 0.016647039275381605 0.14888992752855573
56 0.39536902629969395 0.026638762474183376 0.1568621887836822
66 0.3965820468635522 0.0371719662238852 0.16526003754551452
62 0.3946744960847963 -0.00958740449844929 0.1568475639534954
58 0.3849994939574539 -0.015720823437087666 0.1751789232859702
59 0.37826451700995234 -0.03075341054574736 0.18449366275423895
60 0.37843065957780087 -0.00931078686206056 0.19172807456929428
64 0.4116957378895735 -0.014454935646883842 0.17197155946987763
65 0.4218339776274677 -0.01731883116093286 0.1809134713193614
75 0.43252416088421847 -0.020338216902522823 0.19034139835871497
69 0.35970472629408656 -0.021917490088581577 0.013821520011842389
40 0.3824046837525516 -0.011804400128190737 0.011308117451089185
41 0.39531752947908066 -0.006049790746604398 0.00987784422395313
67 0.3779614954394187 -0.03801779638755913 0.017982353472265924
70 0.3903824470181098 -0.04566432385913856 0.03380947498045528
74 0.39846291037946424 -0.05057639103796102 0.043957232084933184
68 0.3915766681751342 -0.05284896822606685 0.010178895017799049
24 0.4031163113091706 -0.06528772202316885 0.003647581822896943
39 0.41301405418797565 -0.07079876459207822 -0.011473648474826044
23 0.41291364259659574 -0.08101335207387932 0.008056969089256205
49 0.4201481734771554 -0.09244754355199888 0.011258575861302876
3 0.09961490899511466 0.047254824435501476 0.021838937957963413
4 0.09961490899511466 0.052057253515354056 0.0
6 0.07443758111710866 0.061720078285069396 0.013737723283210969
5 0.07443758111710866 -0.013737723283210955 0.0617200782850694
7 0.07443758111710866 -0.0617200782850694 -0.013737723283210952
8 0.07443758111710866 0.013737723283210948 -0.0617200782850694
0 0.0 0.0 0.0
76 0.06123358429313799 0.0 0.0
2 0.12561643715142062 -0.007171351103482972 -0.001576995417427847
1 0.18468966696135836 -0.013722746171097526 -0.00301766117905396
10 0.24758430355217562 -0.020676512849115456 -0.004546809316811545
43 0.26071436974606116 -0.07909391909960067 0.022122129372041444
27 0.2639430824697952 -0.09065315112394462 0.027362888587925235
44 0.2668247001577948 -0.10268126839728109 0.03284375500944963
28 0.2964884120694424 -0.03705388161989753 -0.046969450218193154
33 0.3163976039866498 -0.04353120572590996 -0.06359816043015036
37 0.32873821811463255 -0.042900422856660875 -0.08794440752910351
36 0.34133146346699383 -0.03944079022919243 -0.07573267062842004
35 0.34057854746569977 -0.05617122212003116 -0.07018534605130931
34 0.3279853021133385 -0.0596308547474996 -0.08239708295199279
11 0.293875725510619 -0.06764002491438692 -0.014874185880103861
22 0.3127087584865979 -0.08604335555578549 -0.0189211175765313
30 0.3407133079340691 -0.08822632373786551 -0.019401156940084274
29 0.35494773968993126 -0.08936996689174226 -0.01965264651113044
15 0.32112720142353496 -0.11123377272508268 -0.02446054408986767
20 0.3291642443451552 -0.1346719721534261 -0.02961465418124312
21 0.3355875016341388 -0.14940506415639043 -0.05068324131557165
18 0.31821954619427595 -0.15778372547790134 -0.03469697807746393
19 0.34660428152396205 -0.15479896602825202 -0.023627275103683273
16 0.3569997082535993 -0.17006004451300788 -0.030945599355509442
17 0.35688793177340983 -0.16312941060889397 -0.009368672740992665
13 0.2593769220704579 -0.07924603833760957 -0.03148711557991679
12 0.2632684652323551 -0.036889492627085456 -0.066104072143191
9 0.2695167967146219 0.0162613769261637 -0.05412126033244958
31 0.273356790357294 0.03967245338998655 -0.00467705735948855
14 0.2718599757018617 0.015489893189134896 0.04452121191405179
32 0.26616785919552 -0.037844108259097536 0.055953777513472254
26 0.3124950433831514 -0.010241858231289303 0.010722591931637625
42 0.35892306552117387 0.0024970109876450135 0.004505737614330043
71 0.35190668728291 0.013112965109769274 0.02483263220912766
25 0.34915019437396144 -0.010941158422833474 0.04142155129115378
53 0.38914152548386277 -0.01104071367641331 0.04077212395130988
50 0.4051265823736216 -0.02228240781989286 0.040119885784522906
52 0.41669344601057995 -0.030441020479552362 0.039642731315379716
48 0.4054246429726857 -2.6921987977671785E-4 0.040964759376730976
54 0.36479111823229615 -0.01167688074350677 0.0762168952990959
38 0.3476380106231458 -0.012269063284247919 0.10672970126898157
51 0.3413393674881106 -0.01250610935866077 0.11851950117633601
55 0.3561508035820739 -0.03263094842622717 0.10272674820837344
57 0.38914940013492355 -0.007269709257984501 0.10308003455404885
47 0.4221978441726707 -0.006228984045197488 0.11056263148712417
46 0.438006218899825 -0.003131013697404052 0.12871687945697327
45 0.44741471746011174 -0.001311955733286397 0.1394175172592426
72 0.4428010000439063 0.005595583789938588 0.1064003201975539
73 0.442800225009736 -0.019147718142642788 0.11089928009393556
63 0.39225200374131314 -0.002053511916319554 0.13405131277314042
61 0.3942006586011034 0.016647039275381605 0.14888992752855573
56 0.39536902629969395 0.026638762474183376 0.1568621887836822
66 0.3965820468635522 0.0371719662238852 0.16526003754551452
62 0.3946744960847963 -0.00958740449844929 0.1568475639534954
58 0.3849994939574539 -0.015720823437087666 0.1751789232859702
59 0.37826451700995234 -0.03075341054574736 0.18449366275423895
60 0.37843065957780087 -0.00931078686206056 0.19172807456929428
64 0.4116957378895735 -0.014454935646883842 0.17197155946987763
65 0.4218339776274677 -0.01731883116093286 0.1809134713193614
75 0.43252416088421847 -0.020338216902522823 0.19034139835871497
69 0.35970472629408656 -0.021917490088581577 0.013821520011842389
40 0.3824046837525516 -0.011804400128190737 0.011308117451089185
41 0.39531752947908066 -0.006049790746604398 0.00987784422395313
67 0.3779614954394187 -0.03801779638755913 0.017982353472265924
70 0.3903824470181098 -0.04566432385913856 0.03380947498045528
74 0.39846291037946424 -0.05057639103796102 0.043957232084933184
68 0.3915766681751342 -0.05284896822606685 0.010178895017799049
24 0.4031163113091706 -0.06528772202316885 0.003647581822896943
39 0.41301405418797565 -0.07079876459207822 -0.011473648474826044
23 0.41291364259659574 -0.08101335207387932 0.008056969089256205
49 0.4201481734771554 -0.09244754355199888 0.011258575861302876
3 0.09961490899511466 0.047254824435501476 0.021838937957963413
4 0.09961490899511466 0.052057253515354056 0.0
6 0.07443758111710866 0.061720078285069396 0.013737723283210969
5 0.07443758111710866 -0.013737723283210955 0.0617200782850694
7 0.07443758111710866 -0.0617200782850694 -0.013737723283210952
8 0.07443758111710866 0.013737723283210948 -0.0617200782850694
