0 0.0 0.0 0.0
76 0.059984713571141136 0.0 0.0
6 0.09787058118891948 0.045823212349984155 0.021876332975341597
8 0.09787058118891948 0.05077736439123006 0.0
3 0.07273329863733442 0.06043807425470573 0.013725598471379935
5 0.07273329863733442 -0.013725598471379922 0.06043807425470574
4 0.07273329863733442 -0.06043807425470574 -0.013725598471379918
7 0.07273329863733442 0.013725598471379915 -0.06043807425470574
2 0.1230035946637994 -0.0073533689057251805 -0.0016652565864395514
1 0.1803828741645077 -0.014020683984423936 -0.003175148241681602
10 0.241439963124473 -0.021094763240193822 -0.004777156412996714
13 0.2808585967849135 -0.07101750426181438 -0.01608274632222092
12 0.24943094687400397 -0.07818192888423142 -0.03177646345578229
31 0.2534227670162377 -0.036544988469217846 -0.06537326663219163
9 0.25982961871955174 0.015412939977028202 -0.05363738563220538
36 0.26382701197539304 0.03856647658589502 -0.005406178217157911
11 0.2624048281301509 0.015480536044831614 0.043001272692086756
28 0.2796234205105628 -0.05959593631825984 -0.03975912150243327
33 0.29087929109360894 -0.07035967524930273 -0.049501089786841805
37 0.30935441817917875 -0.07455542607721467 -0.053264849496632315
35 0.32285328113676465 -0.07762236904168321 -0.056011859076639046
34 0.2910281648208322 -0.08405473602841242 -0.061964862468929155
47 0.30703725979581653 -0.019747220216438696 -7.572046004551119E-4
73 0.3141378721730865 -0.013039274633667506 0.049336283469805134
72 0.31646048620479733 -0.011294788524887007 0.06257668141457182
70 0.3513916681647273 -0.04868924848315881 0.004301740132838888
24 0.37613339933102985 -0.06454205904362142 0.007065948820742171
39 0.4056898807575712 -0.07247684545179729 4.742548353627524E-4
22 0.3932641548535557 -0.08838898851011039 -2.255617192252462E-4
29 0.41508358465288614 -0.09510051068886222 -0.002153742787754101
15 0.393312986614977 -0.10864973755829785 -0.006494181019320435
18 0.3933915020854648 -0.11960976841194991 -0.019844662329720972
21 0.3934900259304193 -0.12471247239086161 -3.462080578929029E-5
20 0.3936850384466625 -0.13539552861894355 0.004251635207384703
19 0.3939089498995448 -0.14666381985080643 0.008770367758133979
17 0.39420664960091906 -0.15856466256430263 0.013534926291499733
16 0.39458903669413875 -0.17113690596126407 0.018559593660915974
41 0.40430677861431663 -0.07154030469130987 0.018378235036749447
23 0.4167908984272811 -0.07462308985839873 0.02329991201273967
40 0.42987148811023423 -0.07785883942893852 0.028485013996978864
69 0.3939767735778296 -0.08591317571098452 0.01905753704414809
74 0.40156899907103444 -0.09476651868006924 0.024007133925247885
67 0.40948426633013923 -0.10408081358949459 0.029220968541046617
68 0.4178989756841801 -0.11391710271134323 0.03472194601464886
61 0.3529259943447368 -0.002413149312433978 -0.02105213813464917
54 0.37005445016514726 0.014564932719123704 -0.040788164589940196
55 0.3746137016044092 0.041972669826475295 -0.04372521658002938
50 0.39318331327853734 0.018610492527624957 -0.05831858639452329
52 0.4130916575580025 0.00860337705775787 -0.06649851707046797
48 0.4118425041587201 0.03264444483970168 -0.06204688637366392
49 0.4231282065071411 0.04104435623773628 -0.06429543689982092
51 0.39832171008672546 0.0235413692487531 -0.0798209232665131
38 0.40152036064652447 0.026496552818840013 -0.09270047342774851
53 0.36329562687385686 0.03224104511026754 -0.06120921218276258
25 0.3604059026160905 0.040320155097012894 -0.07055565811281779
42 0.3573019295400597 0.048832640495276566 -0.08039968226331216
57 0.3849417520951131 -0.006271937335213803 -0.016836138878353148
75 0.4016773334094841 -0.00827846236634956 -0.014650112828769988
64 0.4192844026892319 -0.010393454275087149 -0.01234355497828402
60 0.4341372687738252 -0.004117281893906182 -0.0034765982755039886
56 0.4450328713362165 4.3510274130753243E-4 0.0029556405800144486
66 0.4565584699924305 0.0052341885207928835 0.00973666144176163
65 0.4344206836882332 -0.019982479685690092 -0.0170864127792849
58 0.4461190461462129 -0.027321609970678767 -0.020718472873907365
59 0.31853251489418427 0.020216296751535037 -0.03044936806364893
62 0.32185919143403624 0.03021200416176873 -0.03789827124787762
63 0.325009868422024 0.04072757159058224 -0.0457173595529655
26 0.3482627902847503 -0.00738542221918091 0.029702695716015172
32 0.36449938635296597 -0.018766312457451664 0.04804219525419055
71 0.35271497258549855 0.002434785561862756 0.05363524782600264
27 0.37330529382808325 0.004287305643327051 0.03168762037146962
44 0.3878939968176947 0.009422191261316146 0.044030946096421504
43 0.3878688726994624 0.012747580985164682 0.02165488544543713
46 0.32017880312391606 -0.06565553107044417 -0.01957717548312914
45 0.32409825084340205 -0.07781939973127981 -0.0245530646790199
30 0.2566340006265562 -0.03646069755137547 0.05513316922882193
14 0.2508600802782439 -0.07814441589670677 0.02185394585529659
