0 0.0 0.0 0.0
12 0.04435426312357995 -0.01801550276371325 0.012237506456660269
3 0.06788388509493717 -0.02757259919146922 0.018729416828274142
1 0.09269407718729039 -0.037649828587946896 0.025574641267585005
21 0.12056476645732903 -0.044256137609621625 0.01998036050779468
17 0.11981491555428654 -0.03517610514562435 0.03606537218103621
7 0.111690899718115 -0.049655587158957876 0.044194445545912384
2 0.11157983515977787 -0.05980370440734083 0.02755575947346844
8 0.11307000937652707 -0.07818694790127487 0.0291879988856164
27 0.12976445143753249 -0.06383130410903862 0.027957742059230583
24 0.14297588817957196 -0.06676132129617314 0.02825257539043526
11 0.04575720162530355 0.014386223756479098 -0.01187142058861367
13 0.042921031953276956 0.015091709875451992 0.01927798927385554
33 0.07717110490551635 0.027134574193601237 0.03466141574227787
9 0.09499542653681718 0.028584996794178568 0.07221316428642757
30 0.08975964344392917 0.05157075260481282 0.06587592948479365
15 0.06410925933564673 0.03947497405375586 0.07203630742374124
19 0.09854501139829966 -0.008355038400365535 0.03281119257502025
14 0.11726866100582445 0.03751972356419928 0.03920099839842146
32 0.1467450574457191 0.045165116273854056 0.042578356576115195
29 0.17719547337735655 0.047157125121239735 0.032163688809608834
26 0.1918077984487756 0.05929938422188235 0.029147265181503006
23 0.19179178023033844 0.03698089077908487 0.025334276565585928
31 0.15876436854273193 0.025729669039370563 0.02028047805752338
25 0.16391897745465042 0.017605080500463284 0.010952423654274008
20 0.17235613911391848 0.0447130001786006 0.06227244780969586
22 0.16745356641287473 0.06791369539318602 0.05241501506027664
18 0.14312887274756986 0.06678674691862707 0.06586312150421672
28 0.08711245733058541 0.05670197414118621 0.007335271138604431
10 0.04541555681131788 -0.0113502331042317 -0.015818184767522704
5 0.061139694643361914 -0.015280001718502922 -0.021294883392415087
6 0.0776813974687123 -0.019414095764485557 -0.027056338938318197
4 0.09168636163081349 -0.013728229657139273 -0.03852558994753035
16 0.09168636163081349 -0.032100189063437944 -0.0253429128636775
