0 0.0 0.0 0.0
10 0.003576217359963493 -0.04431104357366619 -0.013478371958258602
4 0.0044604406010202696 -0.05526699244913251 -0.016810912611554308
6 0.005389273965163707 -0.06677568208640187 -0.020311583938001216
5 0.006369198836640191 -0.07891741993629507 -0.02400481356570025
16 0.0074032439752951575 -0.09172973378193498 -0.02790201655913436
11 0.028700200340076438 0.02942727115782859 0.02163928456491402
21 0.028700200340076438 0.03652701636156033 0.0
17 0.003576217359963493 0.044311043573666185 0.013478371958258614
1 0.04534752439651006 -0.009573903157165876 -0.003141151585542266
19 0.06195154222968151 -0.0333061133958927 -0.03208968511396932
7 0.061397737005187344 -0.04537230362691864 -0.014886434627315651
3 0.06644165179592612 -0.05652863075413506 -0.018546771907649914
12 0.071720467433193 -0.06826173123599008 -0.02239634575197277
13 0.08620764778016912 -0.01047734135563301 1.0324136385360134E-4
2 0.12503235615422068 -0.011347786536178087 0.003176569934727007
8 0.16614739916160015 -0.01228198777027085 0.006421440353676147
33 0.20652678681685216 -0.01670666753318687 0.022571340007156764
26 0.24425300876607653 -0.03785826689381623 0.0311119656476615
9 0.23646256779920566 -0.025108618648478034 0.05347590364138761
29 0.21216468882444528 -0.04010138184332899 0.05852293199121301
23 0.22370625357405266 0.015825830884179916 0.04552148868802673
27 0.22930634330540128 0.025932018501689698 0.05269293727945135
28 0.24879587065328992 -0.007446009247291364 0.031467606229590925
31 0.2667058455491734 -0.0036040387371291376 0.03520945188162941
24 0.2817632261951274 -0.008028129157504492 0.046669651616522645
25 0.28175774119160474 0.007322077286686709 0.03005438095376501
22 0.22161335196218793 -0.05649469707472362 0.03114855398561604
20 0.23452473004433147 -0.04396794575169426 0.0031401848383936434
14 0.2409810325284242 -0.012143469889846933 -0.00398773006201119
15 0.23602289293100004 0.014532967733750853 0.015240070448382447
32 0.2133069882517677 -0.00798807792576379 0.06438753405679597
18 0.2156700270757554 -0.005294609642941133 0.07743154646755322
30 0.1995387582705871 -0.00510891212832035 -0.020470493917515112
0 0.0 0.0 0.0
10 0.003576217359963493 -0.04431104357366619 -0.013478371958258602
4 0.0044604406010202696 -0.05526699244913251 -0.016810912611554308
6 0.005389273965163707 -0.06677568208640187 -0.020311583938001216
5 0.006369198836640191 -0.07891741993629507 -0.02400481356570025
16 0.0074032439752951575 -0.09172973378193498 -0.02790201655913436
11 0.028700200340076438 0.02942727115782859 0.02163928456491402
21 0.028700200340076438 0.03652701636156033 0.0
17 0.003576217359963493 0.044311043573666185 0.013478371958258614
1 0.04534752439651006 -0.009573903157165876 -0.003141151585542266
19 0.06195154222968151 -0.0333061133958927 -0.03208968511396932
7 0.061397737005187344 -0.04537230362691864 -0.014886434627315651
3 0.06644165179592612 -0.05652863075413506 -0.018546771907649914
12 0.071720467433193 -0.06826173123599008 -0.02239634575197277
13 0.08620764778016912 -0.01047734135563301 1.0324136385360134E-4
2 0.12503235615422068 -0.011347786536178087 0.003176569934727007
8 0.16614739916160015 -0.01228198777027085 0.006421440353676147
33 0.20652678681685216 -0.01670666753318687 0.022571340007156764
26 0.24425300876607653 -0.03785826689381623 0.0311119656476615
9 0.23646256779920566 -0.025108618648478034 0.05347590364138761
29 0.21216468882444528 -0.04010138184332899 0.05852293199121301
23 0.22370625357405266 0.015825830884179916 0.04552148868802673
27 0.22930634330540128 0.025932018501689698 0.05269293727945135
28 0.24879587065328992 -0.007446009247291364 0.031467606229590925
31 0.2667058455491734 -0.0036040387371291376 0.03520945188162941
24 0.2817632261951274 -0.008028129157504492 0.046669651616522645
25 0.28175774119160474 0.007322077286686709 0.03005438095376501
22 0.22161335196218793 -0.05649469707472362 0.03114855398561604
20 0.23452473004433147 -0.04396794575169426 0.0031401848383936434
14 0.2409810325284242 -0.012143469889846933 -0.00398773006201119
15 0.23602289293100004 0.014532967733750853 0.015240070448382447
32 0.2133069882517677 -0.00798807792576379 0.06438753405679597
18 0.2156700270757554 -0.005294609642941133 0.07743154646755322
30 0.1995387582705871 -0.00510891212832035 -0.020470493917515112
0 0.0 0.0 0.0
10 0.003576217359963493 -0.04431104357366619 -0.013478371958258602
4 0.0044604406010202696 -0.05526699244913251 -0.016810912611554308
6 0.005389273965163707 -0.06677568208640187 -0.020311583938001216
5 0.006369198836640191 -0.07891741993629507 -0.02400481356570025
16 0.0074032439752951575 -0.09172973378193498 -0.02790201655913436
11 0.028700200340076438 0.02942727115782859 0.02163928456491402
21 0.028700200340076438 0.03652701636156033 0.0
17 0.003576217359963493 0.044311043573666185 0.013478371958258614
1 0.04534752439651006 -0.009573903157165876 -0.003141151585542266
19 0.06195154222968151 -0.0333061133958927 -0.03208968511396932
7 0.061397737005187344 -0.04537230362691864 -0.014886434627315651
3 0.06644165179592612 -0.05652863075413506 -0.018546771907649914
12 0.071720467433193 -0.06826173123599008 -0.02239634575197277
13 0.08620764778016912 -0.01047734135563301 1.0324136385360134E-4
2 0.12503235615422068 -0.011347786536178087 0.003176569934727007
8 0.16614739916160015 -0.01228198777027085 0.006421440353676147
33 0.20652678681685216 -0.01670666753318687 0.022571340007156764
26 0.24425300876607653 -0.03785826689381623 0.0311119656476615
9 0.23646256779920566 -0.025108618648478034 0.05347590364138761
29 0.21216468882444528 -0.04010138184332899 0.05852293199121301
23 0.22370625357405266 0.015825830884179916 0.04552148868802673
27 0.22930634330540128 0.025932018501689698 0.05269293727945135
28 0.24879587065328992 -0.007446009247291364 0.031467606229590925
31 0.2667058455491734 -0.0036040387371291376 0.03520945188162941
24 0.2817632261951274 -0.008028129157504492 0.046669651616522645
25 0.28175774119160474 0.007322077286686709 0.03005438095376501
22 0.22161335196218793 -0.05649469707472362 0.03114855398561604
20 0.23452473004433147 -0.04396794575169426 0.0031401848383936434
14 0.2409810325284242 -0.012143469889846933 -0.00398773006201119
15 0.23602289293100004 0.014532967733750853 0.015240070448382447
32 0.2133069882517677 -0.00798807792576379 0.06438753405679597
18 0.2156700270757554 -0.005294609642941133 0.07743154646755322
30 0.1995387582705871 -0.00510891212832035 -0.020470493917515112
0 0.0 0.0 0.0
10 0.003576217359963493 -0.04431104357366619 -0.013478371958258602
4 0.0044604406010202696 -0.05526699244913251 -0.016810912611554308
6 0.005389273965163707 -0.06677568208640187 -0.020311583938001216
5 0.006369198836640191 -0.07891741993629507 -0.02400481356570025
16 0.0074032439752951575 -0.09172973378193498 -0.02790201655913436
11 0.028700200340076438 0.02942727115782859 0.02163928456491402
21 0.028700200340076438 0.03652701636156033 0.0
17 0.003576217359963493 0.044311043573666185 0.013478371958258614
1 0.04534752439651006 -0.009573903157165876 -0.003141151585542266
19 0.06195154222968151 -0.0333061133958927 -0.03208968511396932
7 0.061397737005187344 -0.04537230362691864 -0.014886434627315651
3 0.06644165179592612 -0.05652863075413506 -0.018546771907649914
12 0.071720467433193 -0.06826173123599008 -0.02239634575197277
13 0.08620764778016912 -0.01047734135563301 1.0324136385360134E-4
2 0.12503235615422068 -0.011347786536178087 0.003176569934727007
8 0.16614739916160015 -0.01228198777027085 0.006421440353676147
33 0.20652678681685216 -0.01670666753318687 0.022571340007156764
26 0.24425300876607653 -0.03785826689381623 0.0311119656476615
9 0.23646256779920566 -0.025108618648478034 0.05347590364138761
29 0.21216468882444528 -0.04010138184332899 0.05852293199121301
23 0.22370625357405266 0.015825830884179916 0.04552148868802673
27 0.22930634330540128 0.025932018501689698 0.05269293727945135
28 0.24879587065328992 -0.007446009247291364 0.031467606229590925
31 0.2667058455491734 -0.0036040387371291376 0.03520945188162941
24 0.2817632261951274 -0.008028129157504492 0.046669651616522645
25 0.28175774119160474 0.007322077286686709 0.03005438095376501
22 0.22161335196218793 -0.05649469707472362 0.03114855398561604
20 0.23452473004433147 -0.04396794575169426 0.0031401848383936434
14 0.2409810325284242 -0.012143469889846933 -0.00398773006201119
15 0.23602289293100004 0.014532967733750853 0.015240070448382447
32 0.2133069882517677 -0.00798807792576379 0.06438753405679597
18 0.2156700270757554 -0.005294609642941133 0.07743154646755322
30 0.1995387582705871 -0.00510891212832035 -0.020470493917515112
0 0.0 0.0 0.0
10 0.003576217359963493 -0.04431104357366619 -0.013478371958258602
4 0.0044604406010202696 -0.05526699244913251 -0.016810912611554308
6 0.005389273965163707 -0.06677568208640187 -0.020311583938001216
5 0.006369198836640191 -0.07891741993629507 -0.02400481356570025
16 0.0074032439752951575 -0.09172973378193498 -0.02790201655913436
11 0.028700200340076438 0.02942727115782859 0.02163928456491402
21 0.028700200340076438 0.03652701636156033 0.0
17 0.003576217359963493 0.044311043573666185 0.013478371958258614
1 0.04534752439651006 -0.009573903157165876 -0.003141151585542266
19 0.06195154222968151 -0.0333061133958927 -0.03208968511396932
7 0.061397737005187344 -0.04537230362691864 -0.014886434627315651
3 0.06644165179592612 -0.05652863075413506 -0.018546771907649914
12 0.071720467433193 -0.06826173123599008 -0.02239634575197277
13 0.08620764778016912 -0.01047734135563301 1.0324136385360134E-4
2 0.12503235615422068 -0.011347786536178087 0.003176569934727007
8 0.16614739916160015 -0.01228198777027085 0.006421440353676147
33 0.20652678681685216 -0.01670666753318687 0.022571340007156764
26 0.24425300876607653 -0.03785826689381623 0.0311119656476615
9 0.23646256779920566 -0.025108618648478034 0.05347590364138761
29 0.21216468882444528 -0.04010138184332899 0.05852293199121301
23 0.22370625357405266 0.015825830884179916 0.04552148868802673
27 0.22930634330540128 0.025932018501689698 0.05269293727945135
28 0.24879587065328992 -0.007446009247291364 0.031467606229590925
31 0.2667058455491734 -0.0036040387371291376 0.03520945188162941
24 0.2817632261951274 -0.008028129157504492 0.046669651616522645
25 0.28175774119160474 0.007322077286686709 0.03005438095376501
22 0.22161335196218793 -0.05649469707472362 0.03114855398561604
20 0.23452473004433147 -0.04396794575169426 0.0031401848383936434
14 0.2409810325284242 -0.012143469889846933 -0.00398773006201119
15 0.23602289293100004 0.014532967733750853 0.015240070448382447
32 0.2133069882517677 -0.00798807792576379 0.06438753405679597
18 0.2156700270757554 -0.005294609642941133 0.07743154646755322
30 0.1995387582705871 -0.00510891212832035 -0.020470493917515112
0 0.0 0.0 0.0
10 0.003576217359963493 -0.04431104357366619 -0.013478371958258602
4 0.0044604406010202696 -0.05526699244913251 -0.016810912611554308
6 0.005389273965163707 -0.06677568208640187 -0.020311583938001216
5 0.006369198836640191 -0.07891741993629507 -0.02400481356570025
16 0.0074032439752951575 -0.09172973378193498 -0.02790201655913436
11 0.028700200340076438 0.02942727115782859 0.02163928456491402
21 0.028700200340076438 0.03652701636156033 0.0
17 0.003576217359963493 0.044311043573666185 0.013478371958258614
1 0.04534752439651006 -0.009573903157165876 -0.003141151585542266
19 0.06195154222968151 -0.0333061133958927 -0.03208968511396932
7 0.061397737005187344 -0.04537230362691864 -0.014886434627315651
3 0.06644165179592612 -0.05652863075413506 -0.018546771907649914
12 0.071720467433193 -0.06826173123599008 -0.02239634575197277
13 0.08620764778016912 -0.01047734135563301 1.0324136385360134E-4
2 0.12503235615422068 -0.011347786536178087 0.003176569934727007
8 0.16614739916160015 -0.01228198777027085 0.006421440353676147
33 0.20652678681685216 -0.01670666753318687 0.022571340007156764
26 0.24425300876607653 -0.03785826689381623 0.0311119656476615
9 0.23646256779920566 -0.025108618648478034 0.05347590364138761
29 0.21216468882444528 -0.04010138184332899 0.05852293199121301
23 0.22370625357405266 0.015825830884179916 0.04552148868802673
27 0.22930634330540128 0.025932018501689698 0.05269293727945135
28 0.24879587065328992 -0.007446009247291364 0.031467606229590925
31 0.2667058455491734 -0.0036040387371291376 0.03520945188162941
24 0.2817632261951274 -0.008028129157504492 0.046669651616522645
25 0.28175774119160474 0.007322077286686709 0.03005438095376501
22 0.22161335196218793 -0.05649469707472362 0.03114855398561604
20 0.23452473004433147 -0.04396794575169426 0.0031401848383936434
14 0.2409810325284242 -0.012143469889846933 -0.00398773006201119
15 0.23602289293100004 0.014532967733750853 0.015240070448382447
32 0.2133069882517677 -0.00798807792576379 0.06438753405679597
18 0.2156700270757554 -0.005294609642941133 0.07743154646755322
30 0.1995387582705871 -0.00510891212832035 -0.020470493917515112
